# dput:
estaciones <- structure(list(clave = structure(c(84L, 85L, 86L, 87L, 88L, 89L, 
90L, 91L, 92L, 93L, 94L, 95L, 96L, 97L, 98L, 99L, 100L, 1L, 2L, 
3L, 4L, 5L, 6L, 7L, 8L, 9L, 10L, 11L, 12L, 13L, 14L, 15L, 16L, 
17L, 18L, 19L, 20L, 21L, 22L, 23L, 24L, 25L, 26L, 27L, 28L, 29L, 
30L, 31L, 32L, 33L, 34L, 35L, 36L, 37L, 38L, 39L, 40L, 41L, 42L, 
43L, 44L, 45L, 46L, 47L, 48L, 49L, 50L, 51L, 52L, 53L, 54L, 55L, 
56L, 57L, 58L, 59L, 60L, 61L, 62L, 63L, 64L, 65L, 66L, 67L, 68L, 
69L, 70L, 71L, 72L, 73L, 74L, 75L, 76L, 77L, 78L, 79L, 80L, 81L, 
82L, 83L), .Label = c("11002", "11006", "11012", "11013", "11021", 
"11022", "11031", "11074", "11075", "11076", "11078", "11093", 
"11116", "11142", "11145", "11149", "11166", "12001", "12004", 
"12008", "12014", "12015", "12018", "12019", "12030", "12036", 
"12046", "12047", "12063", "12082", "12084", "12090", "12093", 
"12115", "12116", "12117", "12123", "12128", "12139", "12141", 
"12160", "12163", "12164", "12167", "12169", "12171", "12207", 
"12209", "12210", "12215", "12222", "12238", "12243", "13002", 
"13006", "13008", "13012", "13013", "13018", "13022", "13024", 
"13025", "13027", "13029", "13030", "13031", "13033", "13034", 
"13035", "13041", "13055", "13060", "13061", "13062", "13064", 
"13068", "13069", "13075", "13076", "13079", "13080", "13081", 
"13082", "9004", "9008", "9010", "9014", "9020", "9022", "9029", 
"9032", "9036", "9041", "9043", "9045", "9048", "9051", "9068", 
"9070", "9071"), class = "factor"), x = c(484319.352171338, 480742.321906534, 
478827.42050261, 484445.608731637, 480855.38215739, 481800.577646538, 
490409.046006904, 497692.991418031, 489733.439178209, 486479.667599572, 
491691.147030596, 499707.953006998, 479409.570309596, 499620.531547755, 
494459.539998858, 481911.996301231, 486111.607677302, 320908.852210553, 
330927.680914791, 357557.365401453, 295375.466842646, 290463.939789774, 
337735.814899458, 341246.026539665, 341774.790239613, 316324.982082307, 
325059.18516207, 341796.985374376, 289708.500540915, 337626.481975335, 
301605.407646532, 303234.494725536, 319806.582385434, 348167.319298118, 
386673.494369963, 431672.630739113, 364730.892918918, 457677.701288605, 
431901.407625726, 401639.718165745, 324137.184300036, 487347.347658112, 
324015.346894506, 464656.320271595, 443208.394352691, 365347.981018481, 
314245.418866478, 407819.376071821, 344913.860380421, 449534.926407374, 
464831.668226495, 441890.691358111, 416372.022480634, 408260.78029801, 
431590.230054415, 322867.394623723, 337360.884656333, 291308.319707983, 
334572.633717656, 430021.085950869, 455794.728493858, 436681.320935578, 
439531.664935712, 442707.867209399, 440859.678515201, 331130.125843198, 
447271.991757654, 449550.144358025, 478061.181165108, 428848.304174484, 
557726.519299741, 543939.303879224, 506660.266488993, 432282.33682602, 
476970.753328094, 477166.179507326, 526391.414312898, 537722.893710334, 
480793.454577189, 554022.092643247, 573521.581861047, 567441.676854932, 
566058.101427607, 550948.745767192, 580809.1865793, 471529.804536865, 
567203.19078171, 542378.283425125, 506091.425000225, 557595.628005109, 
464155.334391088, 457160.822728435, 470320.543135048, 484410.511709258, 
465972.014497141, 444452.317388009, 549550.4501975, 461944.703506654, 
460737.106151962, 568489.645819396), y = c(2123302.06190178, 
2137167.65532805, 2146483.07369752, 2134397.81128266, 2133694.28890649, 
2115712.55017313, 2153573.48399415, 2121912.36635798, 2144567.91370824, 
2122593.40582572, 2152312.62631304, 2120621.30664586, 2145498.8165538, 
2129903.65116686, 2148315.75265975, 2139717.60649554, 2137777.49542028, 
2215994.61833815, 2262668.80381514, 2234014.3248944, 2266348.52919389, 
2243892.3749337, 2253162.05780272, 2228036.71489643, 2209458.97116021, 
2244243.56573903, 2218320.53226559, 2211918.73961044, 2260419.27946058, 
2244644.94337853, 2243637.6509497, 2256659.88281609, 2224647.56681135, 
2209094.99820745, 2027613.70469379, 2027708.66938374, 2025726.53389033, 
2041064.77872493, 2050728.84337523, 2055195.41937351, 2030666.32711049, 
2023165.91058123, 2071376.584322, 2024116.15735805, 2027947.77485596, 
2029995.20581703, 2015662.27515113, 2023720.16012644, 2036912.82932976, 
2022920.44129792, 2023685.56418722, 2028965.95753416, 2045995.86279707, 
2023933.21241624, 2061979.39221926, 2023483.30410842, 2018252.10324265, 
2043879.91802381, 2042410.52497049, 2017449.0320812, 2051180.75880508, 
2051142.62117217, 2062444.08828968, 2056748.09336797, 2065513.47262843, 
2051233.9907863, 2064510.91956854, 2028729.1943687, 2014814.78409657, 
2072962.49833179, 2179176.62399142, 2186268.66982989, 2195068.132578, 
2252713.55716042, 2264830.27084122, 2237471.08142977, 2225702.789944, 
2167380.97389064, 2237958.51293923, 2191122.5946294, 2210221.44749602, 
2196640.41001529, 2216524.35260305, 2207651.40002797, 2249142.49208572, 
2232806.96001403, 2220924.68860048, 2181930.70105253, 2241576.2190281, 
2236721.86392011, 2231406.59018536, 2243288.2779174, 2204313.47879656, 
2259411.51298797, 2210438.46812722, 2259894.17287115, 2208784.77216217, 
2229228.7495497, 2259787.58927582, 2218747.06925421)), .Names = c("clave", 
"x", "y"), row.names = c(NA, -100L), class = "data.frame")
